0.135321E-05 0.143015E+07 0.282194E+07 0.413415E+07 0.532059E+07 0.632953E+07 0.710601E+07 0.759810E+07 0.776702E+07 0.759810E+07 0.710601E+07 0.632953E+07 0.532059E+07 0.413415E+07 0.282194E+07 0.143016E+07 0.121072E-07 -.143015E+07 -.282194E+07 -.413415E+07 -.532059E+07 -.632953E+07 -.710601E+07 -.759810E+07 -.776702E+07 -.759810E+07 -.710601E+07 -.632953E+07 -.532059E+07 -.413415E+07 -.282194E+07 -.143016E+07 

0.143015E+07 0.289868E+07 0.436720E+07 0.579100E+07 0.711546E+07 0.827389E+07 0.918905E+07 0.978158E+07 0.998763E+07 0.978158E+07 0.918905E+07 0.827389E+07 0.711546E+07 0.579100E+07 0.436720E+07 0.289868E+07 0.143015E+07 -.500000E+00 -.135625E+07 -.260307E+07 -.370321E+07 -.461763E+07 -.530738E+07 -.573778E+07 -.588424E+07 -.573778E+07 -.530738E+07 -.461763E+07 -.370321E+07 -.260307E+07 -.135625E+07 -.100000E+01 

0.282194E+07 0.436721E+07 0.595720E+07 0.754719E+07 0.907636E+07 0.104615E+08 0.115947E+08 0.123516E+08 0.126203E+08 0.123516E+08 0.115947E+08 0.104615E+08 0.907636E+07 0.754719E+07 0.595720E+07 0.436721E+07 0.282194E+07 0.135625E+07 0.500000E+00 -.121866E+07 -.227156E+07 -.313040E+07 -.376808E+07 -.416139E+07 -.429440E+07 -.416139E+07 -.376808E+07 -.313040E+07 -.227156E+07 -.121866E+07 0.250000E+00 0.135625E+07 

0.413415E+07 0.579100E+07 0.754719E+07 0.936421E+07 0.111812E+08 0.129012E+08 0.143767E+08 0.154096E+08 0.157906E+08 0.154096E+08 0.143767E+08 0.129012E+08 0.111812E+08 0.936421E+07 0.754719E+07 0.579100E+07 0.413415E+07 0.260307E+07 0.121866E+07 0.000000E+00 -.103397E+07 -.186433E+07 -.247315E+07 -.284531E+07 -.297057E+07 -.284531E+07 -.247315E+07 -.186433E+07 -.103397E+07 -.500000E+00 0.121866E+07 0.260307E+07 

0.532059E+07 0.711546E+07 0.907636E+07 0.111812E+08 0.133832E+08 0.155852E+08 0.176015E+08 0.191195E+08 0.197228E+08 0.191195E+08 0.176015E+08 0.155852E+08 0.133832E+08 0.111812E+08 0.907636E+07 0.711546E+07 0.532059E+07 0.370321E+07 0.227156E+07 0.103397E+07 0.000000E+00 -.819805E+06 -.141489E+07 -.177612E+07 -.189727E+07 -.177612E+07 -.141489E+07 -.819804E+06 0.100000E+01 0.103397E+07 0.227156E+07 0.370321E+07 

0.632953E+07 0.827390E+07 0.104615E+08 0.129012E+08 0.155852E+08 0.184548E+08 0.213245E+08 0.237441E+08 0.248617E+08 0.237441E+08 0.213245E+08 0.184548E+08 0.155852E+08 0.129012E+08 0.104615E+08 0.827390E+07 0.632953E+07 0.461763E+07 0.313040E+07 0.186433E+07 0.819804E+06 -.100000E+01 -.590476E+06 -.947016E+06 -.106627E+07 -.947016E+06 -.590476E+06 0.000000E+00 0.819806E+06 0.186433E+07 0.313040E+07 0.461763E+07 

0.710602E+07 0.918905E+07 0.115947E+08 0.143767E+08 0.176015E+08 0.213245E+08 0.254976E+08 0.296707E+08 0.322357E+08 0.296707E+08 0.254976E+08 0.213245E+08 0.176015E+08 0.143767E+08 0.115947E+08 0.918906E+07 0.710602E+07 0.530738E+07 0.376808E+07 0.247315E+07 0.141489E+07 0.590475E+06 0.200000E+01 -.355199E+06 -.473780E+06 -.355200E+06 0.100000E+01 0.590476E+06 0.141489E+07 0.247315E+07 0.376808E+07 0.530738E+07 

0.759810E+07 0.978158E+07 0.123516E+08 0.154096E+08 0.191195E+08 0.237441E+08 0.296707E+08 0.372053E+08 0.447399E+08 0.372053E+08 0.296707E+08 0.237441E+08 0.191195E+08 0.154096E+08 0.123516E+08 0.978158E+07 0.759810E+07 0.573778E+07 0.416139E+07 0.284531E+07 0.177612E+07 0.947017E+06 0.355199E+06 0.000000E+00 -.118446E+06 0.200000E+01 0.355199E+06 0.947017E+06 0.177612E+07 0.284531E+07 0.416139E+07 0.573778E+07 

0.776702E+07 0.998763E+07 0.126203E+08 0.157906E+08 0.197228E+08 0.248617E+08 0.322357E+08 0.447399E+08 0.723133E+08 0.447399E+08 0.322357E+08 0.248617E+08 0.197228E+08 0.157906E+08 0.126203E+08 0.998763E+07 0.776702E+07 0.588424E+07 0.429440E+07 0.297057E+07 0.189727E+07 0.106627E+07 0.473779E+06 0.118444E+06 0.400000E+01 0.118444E+06 0.473780E+06 0.106627E+07 0.189728E+07 0.297057E+07 0.429440E+07 0.588424E+07 

0.759810E+07 0.978158E+07 0.123516E+08 0.154096E+08 0.191195E+08 0.237441E+08 0.296707E+08 0.372053E+08 0.447399E+08 0.372053E+08 0.296707E+08 0.237441E+08 0.191195E+08 0.154096E+08 0.123516E+08 0.978159E+07 0.759810E+07 0.573778E+07 0.416139E+07 0.284531E+07 0.177612E+07 0.947016E+06 0.355199E+06 0.200000E+01 -.118446E+06 0.000000E+00 0.355199E+06 0.947018E+06 0.177612E+07 0.284531E+07 0.416139E+07 0.573778E+07 

0.710602E+07 0.918905E+07 0.115947E+08 0.143767E+08 0.176015E+08 0.213245E+08 0.254976E+08 0.296707E+08 0.322357E+08 0.296707E+08 0.254976E+08 0.213245E+08 0.176015E+08 0.143767E+08 0.115947E+08 0.918906E+07 0.710602E+07 0.530738E+07 0.376808E+07 0.247315E+07 0.141489E+07 0.590475E+06 0.100000E+01 -.355200E+06 -.473780E+06 -.355199E+06 0.200000E+01 0.590477E+06 0.141489E+07 0.247315E+07 0.376808E+07 0.530737E+07 

0.632953E+07 0.827389E+07 0.104615E+08 0.129012E+08 0.155852E+08 0.184548E+08 0.213245E+08 0.237441E+08 0.248617E+08 0.237441E+08 0.213245E+08 0.184548E+08 0.155852E+08 0.129012E+08 0.104615E+08 0.827390E+07 0.632953E+07 0.461763E+07 0.313040E+07 0.186433E+07 0.819804E+06 -.100000E+01 -.590478E+06 -.947018E+06 -.106627E+07 -.947019E+06 -.590477E+06 -.100000E+01 0.819804E+06 0.186433E+07 0.313040E+07 0.461763E+07 

0.532059E+07 0.711546E+07 0.907636E+07 0.111812E+08 0.133832E+08 0.155852E+08 0.176015E+08 0.191195E+08 0.197228E+08 0.191195E+08 0.176015E+08 0.155852E+08 0.133832E+08 0.111812E+08 0.907636E+07 0.711546E+07 0.532059E+07 0.370321E+07 0.227156E+07 0.103397E+07 -.100000E+01 -.819806E+06 -.141489E+07 -.177612E+07 -.189727E+07 -.177612E+07 -.141489E+07 -.819806E+06 -.500000E+00 0.103397E+07 0.227156E+07 0.370321E+07 

0.413415E+07 0.579100E+07 0.754719E+07 0.936421E+07 0.111812E+08 0.129012E+08 0.143767E+08 0.154096E+08 0.157906E+08 0.154096E+08 0.143767E+08 0.129012E+08 0.111812E+08 0.936421E+07 0.754719E+07 0.579100E+07 0.413415E+07 0.260307E+07 0.121866E+07 0.000000E+00 -.103397E+07 -.186433E+07 -.247315E+07 -.284531E+07 -.297057E+07 -.284531E+07 -.247315E+07 -.186433E+07 -.103397E+07 0.000000E+00 0.121866E+07 0.260307E+07 

0.282194E+07 0.436721E+07 0.595720E+07 0.754719E+07 0.907636E+07 0.104615E+08 0.115947E+08 0.123516E+08 0.126203E+08 0.123516E+08 0.115947E+08 0.104615E+08 0.907636E+07 0.754719E+07 0.595720E+07 0.436721E+07 0.282194E+07 0.135625E+07 0.250000E+00 -.121866E+07 -.227156E+07 -.313040E+07 -.376808E+07 -.416139E+07 -.429440E+07 -.416139E+07 -.376808E+07 -.313040E+07 -.227156E+07 -.121866E+07 0.250000E+00 0.135625E+07 

0.143016E+07 0.289868E+07 0.436721E+07 0.579100E+07 0.711546E+07 0.827390E+07 0.918905E+07 0.978158E+07 0.998763E+07 0.978158E+07 0.918905E+07 0.827390E+07 0.711546E+07 0.579100E+07 0.436721E+07 0.289868E+07 0.143016E+07 0.500000E+00 -.135625E+07 -.260307E+07 -.370321E+07 -.461763E+07 -.530737E+07 -.573777E+07 -.588424E+07 -.573777E+07 -.530737E+07 -.461763E+07 -.370321E+07 -.260307E+07 -.135625E+07 -.125000E+00 

-.121072E-07 0.143015E+07 0.282194E+07 0.413415E+07 0.532059E+07 0.632953E+07 0.710601E+07 0.759810E+07 0.776702E+07 0.759810E+07 0.710601E+07 0.632953E+07 0.532059E+07 0.413415E+07 0.282194E+07 0.143016E+07 -.135321E-05 -.143015E+07 -.282194E+07 -.413415E+07 -.532059E+07 -.632953E+07 -.710601E+07 -.759810E+07 -.776702E+07 -.759810E+07 -.710601E+07 -.632953E+07 -.532059E+07 -.413415E+07 -.282194E+07 -.143016E+07 

-.143015E+07 0.500000E+00 0.135625E+07 0.260307E+07 0.370321E+07 0.461763E+07 0.530738E+07 0.573778E+07 0.588424E+07 0.573778E+07 0.530738E+07 0.461763E+07 0.370321E+07 0.260307E+07 0.135625E+07 0.100000E+01 -.143015E+07 -.289868E+07 -.436720E+07 -.579100E+07 -.711546E+07 -.827389E+07 -.918905E+07 -.978158E+07 -.998763E+07 -.978158E+07 -.918905E+07 -.827389E+07 -.711546E+07 -.579100E+07 -.436720E+07 -.289868E+07 

-.282194E+07 -.135625E+07 -.500000E+00 0.121866E+07 0.227156E+07 0.313040E+07 0.376808E+07 0.416139E+07 0.429440E+07 0.416139E+07 0.376808E+07 0.313040E+07 0.227156E+07 0.121866E+07 -.250000E+00 -.135625E+07 -.282194E+07 -.436721E+07 -.595720E+07 -.754719E+07 -.907636E+07 -.104615E+08 -.115947E+08 -.123516E+08 -.126203E+08 -.123516E+08 -.115947E+08 -.104615E+08 -.907636E+07 -.754719E+07 -.595720E+07 -.436721E+07 

-.413415E+07 -.260307E+07 -.121866E+07 0.000000E+00 0.103397E+07 0.186433E+07 0.247315E+07 0.284531E+07 0.297057E+07 0.284531E+07 0.247315E+07 0.186433E+07 0.103397E+07 0.500000E+00 -.121866E+07 -.260307E+07 -.413415E+07 -.579100E+07 -.754719E+07 -.936421E+07 -.111812E+08 -.129012E+08 -.143767E+08 -.154096E+08 -.157906E+08 -.154096E+08 -.143767E+08 -.129012E+08 -.111812E+08 -.936421E+07 -.754719E+07 -.579100E+07 

-.532059E+07 -.370321E+07 -.227156E+07 -.103397E+07 0.000000E+00 0.819805E+06 0.141489E+07 0.177612E+07 0.189727E+07 0.177612E+07 0.141489E+07 0.819804E+06 -.100000E+01 -.103397E+07 -.227156E+07 -.370321E+07 -.532059E+07 -.711546E+07 -.907636E+07 -.111812E+08 -.133832E+08 -.155852E+08 -.176015E+08 -.191195E+08 -.197228E+08 -.191195E+08 -.176015E+08 -.155852E+08 -.133832E+08 -.111812E+08 -.907636E+07 -.711546E+07 

-.632953E+07 -.461763E+07 -.313040E+07 -.186433E+07 -.819804E+06 0.100000E+01 0.590476E+06 0.947016E+06 0.106627E+07 0.947016E+06 0.590476E+06 0.000000E+00 -.819806E+06 -.186433E+07 -.313040E+07 -.461763E+07 -.632953E+07 -.827390E+07 -.104615E+08 -.129012E+08 -.155852E+08 -.184548E+08 -.213245E+08 -.237441E+08 -.248617E+08 -.237441E+08 -.213245E+08 -.184548E+08 -.155852E+08 -.129012E+08 -.104615E+08 -.827390E+07 

-.710602E+07 -.530738E+07 -.376808E+07 -.247315E+07 -.141489E+07 -.590475E+06 -.200000E+01 0.355199E+06 0.473780E+06 0.355200E+06 -.100000E+01 -.590476E+06 -.141489E+07 -.247315E+07 -.376808E+07 -.530738E+07 -.710602E+07 -.918905E+07 -.115947E+08 -.143767E+08 -.176015E+08 -.213245E+08 -.254976E+08 -.296707E+08 -.322357E+08 -.296707E+08 -.254976E+08 -.213245E+08 -.176015E+08 -.143767E+08 -.115947E+08 -.918906E+07 

-.759810E+07 -.573778E+07 -.416139E+07 -.284531E+07 -.177612E+07 -.947017E+06 -.355199E+06 0.000000E+00 0.118446E+06 -.200000E+01 -.355199E+06 -.947017E+06 -.177612E+07 -.284531E+07 -.416139E+07 -.573778E+07 -.759810E+07 -.978158E+07 -.123516E+08 -.154096E+08 -.191195E+08 -.237441E+08 -.296707E+08 -.372053E+08 -.447399E+08 -.372053E+08 -.296707E+08 -.237441E+08 -.191195E+08 -.154096E+08 -.123516E+08 -.978158E+07 

-.776702E+07 -.588424E+07 -.429440E+07 -.297057E+07 -.189727E+07 -.106627E+07 -.473779E+06 -.118444E+06 -.400000E+01 -.118444E+06 -.473780E+06 -.106627E+07 -.189728E+07 -.297057E+07 -.429440E+07 -.588424E+07 -.776702E+07 -.998763E+07 -.126203E+08 -.157906E+08 -.197228E+08 -.248617E+08 -.322357E+08 -.447399E+08 -.723133E+08 -.447399E+08 -.322357E+08 -.248617E+08 -.197228E+08 -.157906E+08 -.126203E+08 -.998763E+07 

-.759810E+07 -.573778E+07 -.416139E+07 -.284531E+07 -.177612E+07 -.947016E+06 -.355199E+06 -.200000E+01 0.118446E+06 0.000000E+00 -.355199E+06 -.947018E+06 -.177612E+07 -.284531E+07 -.416139E+07 -.573778E+07 -.759810E+07 -.978158E+07 -.123516E+08 -.154096E+08 -.191195E+08 -.237441E+08 -.296707E+08 -.372053E+08 -.447399E+08 -.372053E+08 -.296707E+08 -.237441E+08 -.191195E+08 -.154096E+08 -.123516E+08 -.978159E+07 

-.710602E+07 -.530738E+07 -.376808E+07 -.247315E+07 -.141489E+07 -.590475E+06 -.100000E+01 0.355200E+06 0.473780E+06 0.355199E+06 -.200000E+01 -.590477E+06 -.141489E+07 -.247315E+07 -.376808E+07 -.530737E+07 -.710602E+07 -.918905E+07 -.115947E+08 -.143767E+08 -.176015E+08 -.213245E+08 -.254976E+08 -.296707E+08 -.322357E+08 -.296707E+08 -.254976E+08 -.213245E+08 -.176015E+08 -.143767E+08 -.115947E+08 -.918906E+07 

-.632953E+07 -.461763E+07 -.313040E+07 -.186433E+07 -.819804E+06 0.100000E+01 0.590478E+06 0.947018E+06 0.106627E+07 0.947019E+06 0.590477E+06 0.100000E+01 -.819804E+06 -.186433E+07 -.313040E+07 -.461763E+07 -.632953E+07 -.827389E+07 -.104615E+08 -.129012E+08 -.155852E+08 -.184548E+08 -.213245E+08 -.237441E+08 -.248617E+08 -.237441E+08 -.213245E+08 -.184548E+08 -.155852E+08 -.129012E+08 -.104615E+08 -.827390E+07 

-.532059E+07 -.370321E+07 -.227156E+07 -.103397E+07 0.100000E+01 0.819806E+06 0.141489E+07 0.177612E+07 0.189727E+07 0.177612E+07 0.141489E+07 0.819806E+06 0.500000E+00 -.103397E+07 -.227156E+07 -.370321E+07 -.532059E+07 -.711546E+07 -.907636E+07 -.111812E+08 -.133832E+08 -.155852E+08 -.176015E+08 -.191195E+08 -.197228E+08 -.191195E+08 -.176015E+08 -.155852E+08 -.133832E+08 -.111812E+08 -.907636E+07 -.711546E+07 

-.413415E+07 -.260307E+07 -.121866E+07 0.000000E+00 0.103397E+07 0.186433E+07 0.247315E+07 0.284531E+07 0.297057E+07 0.284531E+07 0.247315E+07 0.186433E+07 0.103397E+07 0.000000E+00 -.121866E+07 -.260307E+07 -.413415E+07 -.579100E+07 -.754719E+07 -.936421E+07 -.111812E+08 -.129012E+08 -.143767E+08 -.154096E+08 -.157906E+08 -.154096E+08 -.143767E+08 -.129012E+08 -.111812E+08 -.936421E+07 -.754719E+07 -.579100E+07 

-.282194E+07 -.135625E+07 -.250000E+00 0.121866E+07 0.227156E+07 0.313040E+07 0.376808E+07 0.416139E+07 0.429440E+07 0.416139E+07 0.376808E+07 0.313040E+07 0.227156E+07 0.121866E+07 -.250000E+00 -.135625E+07 -.282194E+07 -.436721E+07 -.595720E+07 -.754719E+07 -.907636E+07 -.104615E+08 -.115947E+08 -.123516E+08 -.126203E+08 -.123516E+08 -.115947E+08 -.104615E+08 -.907636E+07 -.754719E+07 -.595720E+07 -.436721E+07 

-.143016E+07 -.500000E+00 0.135625E+07 0.260307E+07 0.370321E+07 0.461763E+07 0.530737E+07 0.573777E+07 0.588424E+07 0.573777E+07 0.530737E+07 0.461763E+07 0.370321E+07 0.260307E+07 0.135625E+07 0.125000E+00 -.143016E+07 -.289868E+07 -.436721E+07 -.579100E+07 -.711546E+07 -.827390E+07 -.918905E+07 -.978158E+07 -.998763E+07 -.978158E+07 -.918905E+07 -.827390E+07 -.711546E+07 -.579100E+07 -.436721E+07 -.289868E+07 

